情報源記号発生確率 シャノン・ファノ符号化後の平均符号長 ハフマン符号化後の平均符号長
[0.4, 0.19, 0.19, 0.19, 0.03] 2.22 2.2
[0.4, 0.19, 0.19, 0.18, 0.04] 2.22 2.2
[0.39, 0.19, 0.19, 0.19, 0.04] 2.23 2.22
[0.4, 0.19, 0.19, 0.17, 0.05] 2.22 2.2
[0.41, 0.18, 0.18, 0.18, 0.05] 2.23 2.18
[0.4, 0.19, 0.18, 0.18, 0.05] 2.23 2.2
[0.39, 0.2, 0.18, 0.18, 0.05] 2.23 2.22
[0.39, 0.19, 0.19, 0.18, 0.05] 2.23 2.22
[0.4, 0.19, 0.19, 0.16, 0.06] 2.22 2.2
[0.39, 0.21, 0.17, 0.17, 0.06] 2.23 2.22
[0.41, 0.18, 0.18, 0.17, 0.06] 2.23 2.18
[0.4, 0.19, 0.18, 0.17, 0.06] 2.23 2.2
[0.39, 0.2, 0.18, 0.17, 0.06] 2.23 2.22
[0.39, 0.19, 0.19, 0.17, 0.06] 2.23 2.22
[0.4, 0.18, 0.18, 0.18, 0.06] 2.24 2.2
[0.39, 0.19, 0.18, 0.18, 0.06] 2.24 2.22
[0.4, 0.19, 0.19, 0.15, 0.07] 2.22 2.2
[0.39, 0.22, 0.16, 0.16, 0.07] 2.23 2.22
[0.39, 0.21, 0.17, 0.16, 0.07] 2.23 2.22
[0.41, 0.18, 0.18, 0.16, 0.07] 2.23 2.18
[0.4, 0.19, 0.18, 0.16, 0.07] 2.23 2.2
[0.39, 0.2, 0.18, 0.16, 0.07] 2.23 2.22
[0.39, 0.19, 0.19, 0.16, 0.07] 2.23 2.22
[0.41, 0.18, 0.17, 0.17, 0.07] 2.24 2.18
[0.4, 0.19, 0.17, 0.17, 0.07] 2.24 2.2
[0.39, 0.2, 0.17, 0.17, 0.07] 2.24 2.22
[0.4, 0.18, 0.18, 0.17, 0.07] 2.24 2.2
[0.39, 0.19, 0.18, 0.17, 0.07] 2.24 2.22
[0.39, 0.18, 0.18, 0.18, 0.07] 2.25 2.22
[0.38, 0.19, 0.18, 0.18, 0.07] 2.25 2.24
[0.4, 0.19, 0.19, 0.14, 0.08] 2.22 2.2
[0.39, 0.21, 0.17, 0.15, 0.08] 2.23 2.22
[0.4, 0.19, 0.18, 0.15, 0.08] 2.23 2.2
[0.39, 0.2, 0.18, 0.15, 0.08] 2.23 2.22
[0.39, 0.19, 0.19, 0.15, 0.08] 2.23 2.22
[0.39, 0.21, 0.16, 0.16, 0.08] 2.24 2.22
[0.41, 0.18, 0.17, 0.16, 0.08] 2.24 2.18
[0.4, 0.19, 0.17, 0.16, 0.08] 2.24 2.2
[0.39, 0.2, 0.17, 0.16, 0.08] 2.24 2.22
[0.4, 0.18, 0.18, 0.16, 0.08] 2.24 2.2
[0.39, 0.19, 0.18, 0.16, 0.08] 2.24 2.22
[0.41, 0.17, 0.17, 0.17, 0.08] 2.25 2.18
[0.4, 0.18, 0.17, 0.17, 0.08] 2.25 2.2
[0.39, 0.19, 0.17, 0.17, 0.08] 2.25 2.22
[0.38, 0.2, 0.17, 0.17, 0.08] 2.25 2.24
[0.39, 0.18, 0.18, 0.17, 0.08] 2.25 2.22
[0.38, 0.19, 0.18, 0.17, 0.08] 2.25 2.24
[0.38, 0.18, 0.18, 0.18, 0.08] 2.26 2.24
[0.4, 0.19, 0.19, 0.13, 0.09] 2.22 2.2
[0.39, 0.21, 0.17, 0.14, 0.09] 2.23 2.22
[0.41, 0.18, 0.18, 0.14, 0.09] 2.23 2.18
[0.4, 0.19, 0.18, 0.14, 0.09] 2.23 2.2
[0.39, 0.2, 0.18, 0.14, 0.09] 2.23 2.22
[0.39, 0.19, 0.19, 0.14, 0.09] 2.23 2.22
[0.39, 0.21, 0.16, 0.15, 0.09] 2.24 2.22
[0.41, 0.18, 0.17, 0.15, 0.09] 2.24 2.18
[0.4, 0.19, 0.17, 0.15, 0.09] 2.24 2.2
[0.39, 0.2, 0.17, 0.15, 0.09] 2.24 2.22
[0.4, 0.18, 0.18, 0.15, 0.09] 2.24 2.2
[0.39, 0.19, 0.18, 0.15, 0.09] 2.24 2.22
[0.41, 0.18, 0.16, 0.16, 0.09] 2.25 2.18
[0.4, 0.19, 0.16, 0.16, 0.09] 2.25 2.2
[0.39, 0.2, 0.16, 0.16, 0.09] 2.25 2.22
[0.38, 0.21, 0.16, 0.16, 0.09] 2.25 2.24
[0.41, 0.17, 0.17, 0.16, 0.09] 2.25 2.18
[0.4, 0.18, 0.17, 0.16, 0.09] 2.25 2.2
[0.39, 0.19, 0.17, 0.16, 0.09] 2.25 2.22
[0.38, 0.2, 0.17, 0.16, 0.09] 2.25 2.24
[0.39, 0.18, 0.18, 0.16, 0.09] 2.25 2.22
[0.38, 0.19, 0.18, 0.16, 0.09] 2.25 2.24
[0.4, 0.17, 0.17, 0.17, 0.09] 2.26 2.2
[0.39, 0.18, 0.17, 0.17, 0.09] 2.26 2.22
[0.38, 0.19, 0.17, 0.17, 0.09] 2.26 2.24
[0.38, 0.18, 0.18, 0.17, 0.09] 2.26 2.24
[0.37, 0.18, 0.18, 0.18, 0.09] 2.27 2.26
[0.4, 0.19, 0.19, 0.12, 0.1] 2.22 2.2
[0.39, 0.21, 0.17, 0.13, 0.1] 2.23 2.22
[0.41, 0.18, 0.18, 0.13, 0.1] 2.23 2.18
[0.4, 0.19, 0.18, 0.13, 0.1] 2.23 2.2
[0.39, 0.2, 0.18, 0.13, 0.1] 2.23 2.22
[0.39, 0.19, 0.19, 0.13, 0.1] 2.23 2.22
[0.39, 0.21, 0.16, 0.14, 0.1] 2.24 2.22
[0.41, 0.18, 0.17, 0.14, 0.1] 2.24 2.18
[0.4, 0.19, 0.17, 0.14, 0.1] 2.24 2.2
[0.39, 0.2, 0.17, 0.14, 0.1] 2.24 2.22
[0.4, 0.18, 0.18, 0.14, 0.1] 2.24 2.2
[0.39, 0.19, 0.18, 0.14, 0.1] 2.24 2.22
[0.39, 0.21, 0.15, 0.15, 0.1] 2.25 2.22
[0.38, 0.22, 0.15, 0.15, 0.1] 2.25 2.24
[0.41, 0.18, 0.16, 0.15, 0.1] 2.25 2.18
[0.4, 0.19, 0.16, 0.15, 0.1] 2.25 2.2
[0.39, 0.2, 0.16, 0.15, 0.1] 2.25 2.22
[0.38, 0.21, 0.16, 0.15, 0.1] 2.25 2.24
[0.41, 0.17, 0.17, 0.15, 0.1] 2.25 2.18
[0.4, 0.18, 0.17, 0.15, 0.1] 2.25 2.2
[0.39, 0.19, 0.17, 0.15, 0.1] 2.25 2.22
[0.38, 0.2, 0.17, 0.15, 0.1] 2.25 2.24
[0.39, 0.18, 0.18, 0.15, 0.1] 2.25 2.22
[0.38, 0.19, 0.18, 0.15, 0.1] 2.25 2.24
[0.42, 0.16, 0.16, 0.16, 0.1] 2.26 2.16
[0.41, 0.17, 0.16, 0.16, 0.1] 2.26 2.18
[0.4, 0.18, 0.16, 0.16, 0.1] 2.26 2.2
[0.39, 0.19, 0.16, 0.16, 0.1] 2.26 2.22
[0.38, 0.2, 0.16, 0.16, 0.1] 2.26 2.24
[0.4, 0.17, 0.17, 0.16, 0.1] 2.26 2.2
[0.39, 0.18, 0.17, 0.16, 0.1] 2.26 2.22
[0.38, 0.19, 0.17, 0.16, 0.1] 2.26 2.24
[0.38, 0.18, 0.18, 0.16, 0.1] 2.26 2.24
[0.39, 0.17, 0.17, 0.17, 0.1] 2.27 2.22
[0.38, 0.18, 0.17, 0.17, 0.1] 2.27 2.24
[0.37, 0.19, 0.17, 0.17, 0.1] 2.27 2.26
[0.37, 0.18, 0.18, 0.17, 0.1] 2.27 2.26
[0.4, 0.19, 0.19, 0.11, 0.11] 2.22 2.2
[0.39, 0.21, 0.17, 0.12, 0.11] 2.23 2.22
[0.4, 0.19, 0.18, 0.12, 0.11] 2.23 2.2
[0.39, 0.2, 0.18, 0.12, 0.11] 2.23 2.22
[0.39, 0.19, 0.19, 0.12, 0.11] 2.23 2.22
[0.39, 0.21, 0.16, 0.13, 0.11] 2.24 2.22
[0.41, 0.18, 0.17, 0.13, 0.11] 2.24 2.18
[0.4, 0.19, 0.17, 0.13, 0.11] 2.24 2.2
[0.39, 0.2, 0.17, 0.13, 0.11] 2.24 2.22
[0.4, 0.18, 0.18, 0.13, 0.11] 2.24 2.2
[0.39, 0.19, 0.18, 0.13, 0.11] 2.24 2.22
[0.38, 0.23, 0.14, 0.14, 0.11] 2.25 2.24
[0.39, 0.21, 0.15, 0.14, 0.11] 2.25 2.22
[0.38, 0.22, 0.15, 0.14, 0.11] 2.25 2.24
[0.41, 0.18, 0.16, 0.14, 0.11] 2.25 2.18
[0.4, 0.19, 0.16, 0.14, 0.11] 2.25 2.2
[0.39, 0.2, 0.16, 0.14, 0.11] 2.25 2.22
[0.38, 0.21, 0.16, 0.14, 0.11] 2.25 2.24
[0.41, 0.17, 0.17, 0.14, 0.11] 2.25 2.18
[0.4, 0.18, 0.17, 0.14, 0.11] 2.25 2.2
[0.39, 0.19, 0.17, 0.14, 0.11] 2.25 2.22
[0.38, 0.2, 0.17, 0.14, 0.11] 2.25 2.24
[0.39, 0.18, 0.18, 0.14, 0.11] 2.25 2.22
[0.38, 0.19, 0.18, 0.14, 0.11] 2.25 2.24
[0.4, 0.19, 0.15, 0.15, 0.11] 2.26 2.2
[0.39, 0.2, 0.15, 0.15, 0.11] 2.26 2.22
[0.38, 0.21, 0.15, 0.15, 0.11] 2.26 2.24
[0.41, 0.17, 0.16, 0.15, 0.11] 2.26 2.18
[0.4, 0.18, 0.16, 0.15, 0.11] 2.26 2.2
[0.39, 0.19, 0.16, 0.15, 0.11] 2.26 2.22
[0.38, 0.2, 0.16, 0.15, 0.11] 2.26 2.24
[0.4, 0.17, 0.17, 0.15, 0.11] 2.26 2.2
[0.39, 0.18, 0.17, 0.15, 0.11] 2.26 2.22
[0.38, 0.19, 0.17, 0.15, 0.11] 2.26 2.24
[0.38, 0.18, 0.18, 0.15, 0.11] 2.26 2.24
[0.41, 0.16, 0.16, 0.16, 0.11] 2.27 2.18
[0.4, 0.17, 0.16, 0.16, 0.11] 2.27 2.2
[0.39, 0.18, 0.16, 0.16, 0.11] 2.27 2.22
[0.38, 0.19, 0.16, 0.16, 0.11] 2.27 2.24
[0.37, 0.2, 0.16, 0.16, 0.11] 2.27 2.26
[0.39, 0.17, 0.17, 0.16, 0.11] 2.27 2.22
[0.38, 0.18, 0.17, 0.16, 0.11] 2.27 2.24
[0.37, 0.19, 0.17, 0.16, 0.11] 2.27 2.26
[0.37, 0.18, 0.18, 0.16, 0.11] 2.27 2.26
[0.38, 0.17, 0.17, 0.17, 0.11] 2.28 2.24
[0.37, 0.18, 0.17, 0.17, 0.11] 2.28 2.26
[0.39, 0.21, 0.16, 0.12, 0.12] 2.24 2.22
[0.41, 0.18, 0.17, 0.12, 0.12] 2.24 2.18
[0.4, 0.19, 0.17, 0.12, 0.12] 2.24 2.2
[0.39, 0.2, 0.17, 0.12, 0.12] 2.24 2.22
[0.4, 0.18, 0.18, 0.12, 0.12] 2.24 2.2
[0.39, 0.19, 0.18, 0.12, 0.12] 2.24 2.22
[0.38, 0.23, 0.14, 0.13, 0.12] 2.25 2.24
[0.39, 0.21, 0.15, 0.13, 0.12] 2.25 2.22
[0.38, 0.22, 0.15, 0.13, 0.12] 2.25 2.24
[0.41, 0.18, 0.16, 0.13, 0.12] 2.25 2.18
[0.4, 0.19, 0.16, 0.13, 0.12] 2.25 2.2
[0.39, 0.2, 0.16, 0.13, 0.12] 2.25 2.22
[0.38, 0.21, 0.16, 0.13, 0.12] 2.25 2.24
[0.41, 0.17, 0.17, 0.13, 0.12] 2.25 2.18
[0.4, 0.18, 0.17, 0.13, 0.12] 2.25 2.2
[0.39, 0.19, 0.17, 0.13, 0.12] 2.25 2.22
[0.38, 0.2, 0.17, 0.13, 0.12] 2.25 2.24
[0.39, 0.18, 0.18, 0.13, 0.12] 2.25 2.22
[0.38, 0.19, 0.18, 0.13, 0.12] 2.25 2.24
[0.39, 0.21, 0.14, 0.14, 0.12] 2.26 2.22
[0.38, 0.22, 0.14, 0.14, 0.12] 2.26 2.24
[0.41, 0.18, 0.15, 0.14, 0.12] 2.26 2.18
[0.4, 0.19, 0.15, 0.14, 0.12] 2.26 2.2
[0.39, 0.2, 0.15, 0.14, 0.12] 2.26 2.22
[0.38, 0.21, 0.15, 0.14, 0.12] 2.26 2.24
[0.42, 0.16, 0.16, 0.14, 0.12] 2.26 2.16
[0.41, 0.17, 0.16, 0.14, 0.12] 2.26 2.18
[0.4, 0.18, 0.16, 0.14, 0.12] 2.26 2.2
[0.39, 0.19, 0.16, 0.14, 0.12] 2.26 2.22
[0.38, 0.2, 0.16, 0.14, 0.12] 2.26 2.24
[0.4, 0.17, 0.17, 0.14, 0.12] 2.26 2.2
[0.39, 0.18, 0.17, 0.14, 0.12] 2.26 2.22
[0.38, 0.19, 0.17, 0.14, 0.12] 2.26 2.24
[0.38, 0.18, 0.18, 0.14, 0.12] 2.26 2.24
[0.41, 0.17, 0.15, 0.15, 0.12] 2.27 2.18
[0.4, 0.18, 0.15, 0.15, 0.12] 2.27 2.2
[0.39, 0.19, 0.15, 0.15, 0.12] 2.27 2.22
[0.38, 0.2, 0.15, 0.15, 0.12] 2.27 2.24
[0.37, 0.21, 0.15, 0.15, 0.12] 2.27 2.26
[0.41, 0.16, 0.16, 0.15, 0.12] 2.27 2.18
[0.4, 0.17, 0.16, 0.15, 0.12] 2.27 2.2
[0.39, 0.18, 0.16, 0.15, 0.12] 2.27 2.22
[0.38, 0.19, 0.16, 0.15, 0.12] 2.27 2.24
[0.37, 0.2, 0.16, 0.15, 0.12] 2.27 2.26
[0.39, 0.17, 0.17, 0.15, 0.12] 2.27 2.22
[0.38, 0.18, 0.17, 0.15, 0.12] 2.27 2.24
[0.37, 0.19, 0.17, 0.15, 0.12] 2.27 2.26
[0.37, 0.18, 0.18, 0.15, 0.12] 2.27 2.26
[0.4, 0.16, 0.16, 0.16, 0.12] 2.28 2.2
[0.39, 0.17, 0.16, 0.16, 0.12] 2.28 2.22
[0.38, 0.18, 0.16, 0.16, 0.12] 2.28 2.24
[0.37, 0.19, 0.16, 0.16, 0.12] 2.28 2.26
[0.38, 0.17, 0.17, 0.16, 0.12] 2.28 2.24
[0.37, 0.18, 0.17, 0.16, 0.12] 2.28 2.26
[0.37, 0.17, 0.17, 0.17, 0.12] 2.29 2.26
[0.36, 0.18, 0.17, 0.17, 0.12] 2.29 2.28
[0.38, 0.23, 0.13, 0.13, 0.13] 2.26 2.24
[0.39, 0.21, 0.14, 0.13, 0.13] 2.26 2.22
[0.38, 0.22, 0.14, 0.13, 0.13] 2.26 2.24
[0.41, 0.18, 0.15, 0.13, 0.13] 2.26 2.18
[0.4, 0.19, 0.15, 0.13, 0.13] 2.26 2.2
[0.39, 0.2, 0.15, 0.13, 0.13] 2.26 2.22
[0.38, 0.21, 0.15, 0.13, 0.13] 2.26 2.24
[0.42, 0.16, 0.16, 0.13, 0.13] 2.26 2.16
[0.41, 0.17, 0.16, 0.13, 0.13] 2.26 2.18
[0.4, 0.18, 0.16, 0.13, 0.13] 2.26 2.2
[0.39, 0.19, 0.16, 0.13, 0.13] 2.26 2.22
[0.38, 0.2, 0.16, 0.13, 0.13] 2.26 2.24
[0.4, 0.17, 0.17, 0.13, 0.13] 2.26 2.2
[0.39, 0.18, 0.17, 0.13, 0.13] 2.26 2.22
[0.38, 0.19, 0.17, 0.13, 0.13] 2.26 2.24
[0.38, 0.18, 0.18, 0.13, 0.13] 2.26 2.24
[0.41, 0.18, 0.14, 0.14, 0.13] 2.27 2.18
[0.4, 0.19, 0.14, 0.14, 0.13] 2.27 2.2
[0.39, 0.2, 0.14, 0.14, 0.13] 2.27 2.22
[0.38, 0.21, 0.14, 0.14, 0.13] 2.27 2.24
[0.37, 0.22, 0.14, 0.14, 0.13] 2.27 2.26
[0.42, 0.16, 0.15, 0.14, 0.13] 2.27 2.16
[0.41, 0.17, 0.15, 0.14, 0.13] 2.27 2.18
[0.4, 0.18, 0.15, 0.14, 0.13] 2.27 2.2
[0.39, 0.19, 0.15, 0.14, 0.13] 2.27 2.22
[0.38, 0.2, 0.15, 0.14, 0.13] 2.27 2.24
[0.37, 0.21, 0.15, 0.14, 0.13] 2.27 2.26
[0.41, 0.16, 0.16, 0.14, 0.13] 2.27 2.18
[0.4, 0.17, 0.16, 0.14, 0.13] 2.27 2.2
[0.39, 0.18, 0.16, 0.14, 0.13] 2.27 2.22
[0.38, 0.19, 0.16, 0.14, 0.13] 2.27 2.24
[0.37, 0.2, 0.16, 0.14, 0.13] 2.27 2.26
[0.39, 0.17, 0.17, 0.14, 0.13] 2.27 2.22
[0.38, 0.18, 0.17, 0.14, 0.13] 2.27 2.24
[0.37, 0.19, 0.17, 0.14, 0.13] 2.27 2.26
[0.37, 0.18, 0.18, 0.14, 0.13] 2.27 2.26
[0.42, 0.15, 0.15, 0.15, 0.13] 2.28 2.16
[0.41, 0.16, 0.15, 0.15, 0.13] 2.28 2.18
[0.4, 0.17, 0.15, 0.15, 0.13] 2.28 2.2
[0.39, 0.18, 0.15, 0.15, 0.13] 2.28 2.22
[0.38, 0.19, 0.15, 0.15, 0.13] 2.28 2.24
[0.37, 0.2, 0.15, 0.15, 0.13] 2.28 2.26
[0.4, 0.16, 0.16, 0.15, 0.13] 2.28 2.2
[0.39, 0.17, 0.16, 0.15, 0.13] 2.28 2.22
[0.38, 0.18, 0.16, 0.15, 0.13] 2.28 2.24
[0.37, 0.19, 0.16, 0.15, 0.13] 2.28 2.26
[0.38, 0.17, 0.17, 0.15, 0.13] 2.28 2.24
[0.37, 0.18, 0.17, 0.15, 0.13] 2.28 2.26
[0.39, 0.16, 0.16, 0.16, 0.13] 2.29 2.22
[0.38, 0.17, 0.16, 0.16, 0.13] 2.29 2.24
[0.37, 0.18, 0.16, 0.16, 0.13] 2.29 2.26
[0.36, 0.19, 0.16, 0.16, 0.13] 2.29 2.28
[0.37, 0.17, 0.17, 0.16, 0.13] 2.29 2.26
[0.36, 0.18, 0.17, 0.16, 0.13] 2.29 2.28
[0.36, 0.17, 0.17, 0.17, 0.13] 2.3 2.28
[0.42, 0.16, 0.14, 0.14, 0.14] 2.28 2.16
[0.41, 0.17, 0.14, 0.14, 0.14] 2.28 2.18
[0.4, 0.18, 0.14, 0.14, 0.14] 2.28 2.2
[0.39, 0.19, 0.14, 0.14, 0.14] 2.28 2.22
[0.38, 0.2, 0.14, 0.14, 0.14] 2.28 2.24
[0.37, 0.21, 0.14, 0.14, 0.14] 2.28 2.26
[0.42, 0.15, 0.15, 0.14, 0.14] 2.28 2.16
[0.41, 0.16, 0.15, 0.14, 0.14] 2.28 2.18
[0.4, 0.17, 0.15, 0.14, 0.14] 2.28 2.2
[0.39, 0.18, 0.15, 0.14, 0.14] 2.28 2.22
[0.38, 0.19, 0.15, 0.14, 0.14] 2.28 2.24
[0.37, 0.2, 0.15, 0.14, 0.14] 2.28 2.26
[0.4, 0.16, 0.16, 0.14, 0.14] 2.28 2.2
[0.39, 0.17, 0.16, 0.14, 0.14] 2.28 2.22
[0.38, 0.18, 0.16, 0.14, 0.14] 2.28 2.24
[0.37, 0.19, 0.16, 0.14, 0.14] 2.28 2.26
[0.38, 0.17, 0.17, 0.14, 0.14] 2.28 2.24
[0.37, 0.18, 0.17, 0.14, 0.14] 2.28 2.26
[0.41, 0.15, 0.15, 0.15, 0.14] 2.29 2.18
[0.4, 0.16, 0.15, 0.15, 0.14] 2.29 2.2
[0.39, 0.17, 0.15, 0.15, 0.14] 2.29 2.22
[0.38, 0.18, 0.15, 0.15, 0.14] 2.29 2.24
[0.37, 0.19, 0.15, 0.15, 0.14] 2.29 2.26
[0.36, 0.2, 0.15, 0.15, 0.14] 2.29 2.28
[0.39, 0.16, 0.16, 0.15, 0.14] 2.29 2.22
[0.38, 0.17, 0.16, 0.15, 0.14] 2.29 2.24
[0.37, 0.18, 0.16, 0.15, 0.14] 2.29 2.26
[0.36, 0.19, 0.16, 0.15, 0.14] 2.29 2.28
[0.37, 0.17, 0.17, 0.15, 0.14] 2.29 2.26
[0.36, 0.18, 0.17, 0.15, 0.14] 2.29 2.28
[0.38, 0.16, 0.16, 0.16, 0.14] 2.3 2.24
[0.37, 0.17, 0.16, 0.16, 0.14] 2.3 2.26
[0.36, 0.18, 0.16, 0.16, 0.14] 2.3 2.28
[0.36, 0.17, 0.17, 0.16, 0.14] 2.3 2.28
[0.35, 0.17, 0.17, 0.17, 0.14] 2.31 2.3
[0.4, 0.15, 0.15, 0.15, 0.15] 2.3 2.2
[0.39, 0.16, 0.15, 0.15, 0.15] 2.3 2.22
[0.38, 0.17, 0.15, 0.15, 0.15] 2.3 2.24
[0.38, 0.16, 0.16, 0.15, 0.15] 2.3 2.24
[0.37, 0.17, 0.16, 0.15, 0.15] 2.3 2.26
[0.36, 0.17, 0.17, 0.15, 0.15] 2.3 2.28
[0.37, 0.16, 0.16, 0.16, 0.15] 2.31 2.26
[0.36, 0.17, 0.16, 0.16, 0.15] 2.31 2.28
[0.35, 0.17, 0.17, 0.16, 0.15] 2.31 2.3
[0.36, 0.16, 0.16, 0.16, 0.16] 2.32 2.28
[0.35, 0.17, 0.16, 0.16, 0.16] 2.32 2.3
