情報源記号発生確率 シャノン・ファノ符号化が悪化する場合の平均符号長の差
[0.42, 0.16, 0.14, 0.14, 0.14] 0.12
[0.42, 0.15, 0.15, 0.15, 0.13] 0.12
[0.42, 0.15, 0.15, 0.14, 0.14] 0.12
[0.41, 0.15, 0.15, 0.15, 0.14] 0.11
[0.42, 0.16, 0.15, 0.14, 0.13] 0.11
[0.42, 0.16, 0.16, 0.14, 0.12] 0.1
[0.42, 0.16, 0.16, 0.13, 0.13] 0.1
[0.41, 0.17, 0.14, 0.14, 0.14] 0.1
[0.41, 0.16, 0.15, 0.15, 0.13] 0.1
[0.41, 0.16, 0.15, 0.14, 0.14] 0.1
[0.4, 0.15, 0.15, 0.15, 0.15] 0.1
[0.42, 0.16, 0.16, 0.16, 0.1] 0.1
[0.41, 0.17, 0.15, 0.15, 0.12] 0.09
[0.41, 0.16, 0.16, 0.16, 0.11] 0.09
[0.41, 0.16, 0.16, 0.15, 0.12] 0.09
[0.41, 0.18, 0.14, 0.14, 0.13] 0.09
[0.41, 0.17, 0.15, 0.14, 0.13] 0.09
[0.41, 0.16, 0.16, 0.14, 0.13] 0.09
[0.4, 0.16, 0.15, 0.15, 0.14] 0.09
[0.4, 0.17, 0.15, 0.15, 0.13] 0.08
[0.4, 0.17, 0.15, 0.14, 0.14] 0.08
[0.4, 0.16, 0.16, 0.16, 0.12] 0.08
[0.4, 0.16, 0.16, 0.15, 0.13] 0.08
[0.4, 0.16, 0.16, 0.14, 0.14] 0.08
[0.41, 0.18, 0.15, 0.14, 0.12] 0.08
[0.41, 0.18, 0.15, 0.13, 0.13] 0.08
[0.41, 0.17, 0.16, 0.16, 0.1] 0.08
[0.41, 0.17, 0.16, 0.15, 0.11] 0.08
[0.41, 0.17, 0.16, 0.14, 0.12] 0.08
[0.41, 0.17, 0.16, 0.13, 0.13] 0.08
[0.4, 0.18, 0.14, 0.14, 0.14] 0.08
[0.39, 0.16, 0.15, 0.15, 0.15] 0.08
[0.41, 0.18, 0.16, 0.16, 0.09] 0.07
[0.41, 0.18, 0.16, 0.15, 0.1] 0.07
[0.41, 0.18, 0.16, 0.13, 0.12] 0.07
[0.41, 0.17, 0.17, 0.17, 0.08] 0.07
[0.41, 0.17, 0.17, 0.16, 0.09] 0.07
[0.41, 0.17, 0.17, 0.15, 0.1] 0.07
[0.41, 0.17, 0.17, 0.13, 0.12] 0.07
[0.4, 0.19, 0.14, 0.14, 0.13] 0.07
[0.4, 0.18, 0.15, 0.14, 0.13] 0.07
[0.4, 0.17, 0.16, 0.14, 0.13] 0.07
[0.41, 0.18, 0.16, 0.14, 0.11] 0.07
[0.41, 0.17, 0.17, 0.14, 0.11] 0.07
[0.4, 0.18, 0.15, 0.15, 0.12] 0.07
[0.4, 0.17, 0.16, 0.16, 0.11] 0.07
[0.4, 0.17, 0.16, 0.15, 0.12] 0.07
[0.39, 0.17, 0.15, 0.15, 0.14] 0.07
[0.39, 0.16, 0.16, 0.16, 0.13] 0.07
[0.39, 0.16, 0.16, 0.15, 0.14] 0.07
[0.41, 0.18, 0.17, 0.16, 0.08] 0.06
[0.41, 0.18, 0.17, 0.15, 0.09] 0.06
[0.41, 0.18, 0.17, 0.14, 0.1] 0.06
[0.4, 0.19, 0.15, 0.15, 0.11] 0.06
[0.4, 0.19, 0.15, 0.14, 0.12] 0.06
[0.4, 0.18, 0.16, 0.15, 0.11] 0.06
[0.4, 0.18, 0.16, 0.14, 0.12] 0.06
[0.4, 0.17, 0.17, 0.15, 0.11] 0.06
[0.4, 0.17, 0.17, 0.14, 0.12] 0.06
[0.39, 0.18, 0.15, 0.15, 0.13] 0.06
[0.39, 0.18, 0.15, 0.14, 0.14] 0.06
[0.39, 0.17, 0.16, 0.16, 0.12] 0.06
[0.39, 0.17, 0.16, 0.15, 0.13] 0.06
[0.39, 0.17, 0.16, 0.14, 0.14] 0.06
[0.38, 0.16, 0.16, 0.16, 0.14] 0.06
[0.41, 0.18, 0.17, 0.17, 0.07] 0.06
[0.41, 0.18, 0.17, 0.13, 0.11] 0.06
[0.41, 0.18, 0.17, 0.12, 0.12] 0.06
[0.4, 0.19, 0.15, 0.13, 0.13] 0.06
[0.4, 0.18, 0.16, 0.16, 0.1] 0.06
[0.4, 0.18, 0.16, 0.13, 0.13] 0.06
[0.4, 0.17, 0.17, 0.17, 0.09] 0.06
[0.4, 0.17, 0.17, 0.16, 0.1] 0.06
[0.4, 0.17, 0.17, 0.13, 0.13] 0.06
[0.39, 0.19, 0.14, 0.14, 0.14] 0.06
[0.38, 0.17, 0.15, 0.15, 0.15] 0.06
[0.38, 0.16, 0.16, 0.15, 0.15] 0.06
[0.41, 0.18, 0.18, 0.13, 0.1] 0.05
[0.4, 0.19, 0.16, 0.14, 0.11] 0.05
[0.4, 0.18, 0.17, 0.14, 0.11] 0.05
[0.39, 0.2, 0.14, 0.14, 0.13] 0.05
[0.39, 0.19, 0.15, 0.14, 0.13] 0.05
[0.39, 0.18, 0.16, 0.14, 0.13] 0.05
[0.39, 0.17, 0.17, 0.17, 0.1] 0.05
[0.39, 0.17, 0.17, 0.14, 0.13] 0.05
[0.37, 0.16, 0.16, 0.16, 0.15] 0.05
[0.41, 0.18, 0.18, 0.18, 0.05] 0.05
[0.41, 0.18, 0.18, 0.17, 0.06] 0.05
[0.41, 0.18, 0.18, 0.16, 0.07] 0.05
[0.41, 0.18, 0.18, 0.14, 0.09] 0.05
[0.4, 0.19, 0.16, 0.16, 0.09] 0.05
[0.4, 0.19, 0.16, 0.15, 0.1] 0.05
[0.4, 0.19, 0.16, 0.13, 0.12] 0.05
[0.4, 0.18, 0.17, 0.17, 0.08] 0.05
[0.4, 0.18, 0.17, 0.16, 0.09] 0.05
[0.4, 0.18, 0.17, 0.15, 0.1] 0.05
[0.4, 0.18, 0.17, 0.13, 0.12] 0.05
[0.39, 0.19, 0.15, 0.15, 0.12] 0.05
[0.39, 0.18, 0.16, 0.16, 0.11] 0.05
[0.39, 0.18, 0.16, 0.15, 0.12] 0.05
[0.39, 0.17, 0.17, 0.16, 0.11] 0.05
[0.39, 0.17, 0.17, 0.15, 0.12] 0.05
[0.38, 0.18, 0.15, 0.15, 0.14] 0.05
[0.38, 0.17, 0.16, 0.16, 0.13] 0.05
[0.38, 0.17, 0.16, 0.15, 0.14] 0.05
[0.4, 0.19, 0.17, 0.12, 0.12] 0.04
[0.39, 0.2, 0.15, 0.15, 0.11] 0.04
[0.39, 0.2, 0.15, 0.14, 0.12] 0.04
[0.39, 0.19, 0.16, 0.16, 0.1] 0.04
[0.39, 0.19, 0.16, 0.15, 0.11] 0.04
[0.39, 0.19, 0.16, 0.14, 0.12] 0.04
[0.39, 0.18, 0.17, 0.17, 0.09] 0.04
[0.39, 0.18, 0.17, 0.16, 0.1] 0.04
[0.39, 0.18, 0.17, 0.15, 0.11] 0.04
[0.39, 0.18, 0.17, 0.14, 0.12] 0.04
[0.38, 0.19, 0.15, 0.15, 0.13] 0.04
[0.38, 0.19, 0.15, 0.14, 0.14] 0.04
[0.38, 0.18, 0.16, 0.16, 0.12] 0.04
[0.38, 0.18, 0.16, 0.15, 0.13] 0.04
[0.38, 0.18, 0.16, 0.14, 0.14] 0.04
[0.38, 0.17, 0.17, 0.17, 0.11] 0.04
[0.38, 0.17, 0.17, 0.16, 0.12] 0.04
[0.38, 0.17, 0.17, 0.15, 0.13] 0.04
[0.38, 0.17, 0.17, 0.14, 0.14] 0.04
[0.37, 0.17, 0.16, 0.16, 0.14] 0.04
[0.36, 0.16, 0.16, 0.16, 0.16] 0.04
[0.4, 0.19, 0.17, 0.17, 0.07] 0.04
[0.4, 0.19, 0.17, 0.16, 0.08] 0.04
[0.4, 0.19, 0.17, 0.15, 0.09] 0.04
[0.4, 0.19, 0.17, 0.14, 0.1] 0.04
[0.4, 0.19, 0.17, 0.13, 0.11] 0.04
[0.4, 0.18, 0.18, 0.18, 0.06] 0.04
[0.4, 0.18, 0.18, 0.17, 0.07] 0.04
[0.4, 0.18, 0.18, 0.16, 0.08] 0.04
[0.4, 0.18, 0.18, 0.15, 0.09] 0.04
[0.4, 0.18, 0.18, 0.14, 0.1] 0.04
[0.4, 0.18, 0.18, 0.13, 0.11] 0.04
[0.4, 0.18, 0.18, 0.12, 0.12] 0.04
[0.39, 0.21, 0.14, 0.14, 0.12] 0.04
[0.39, 0.21, 0.14, 0.13, 0.13] 0.04
[0.39, 0.2, 0.15, 0.13, 0.13] 0.04
[0.39, 0.19, 0.16, 0.13, 0.13] 0.04
[0.39, 0.18, 0.17, 0.13, 0.13] 0.04
[0.38, 0.2, 0.14, 0.14, 0.14] 0.04
[0.37, 0.17, 0.16, 0.15, 0.15] 0.04
[0.4, 0.19, 0.18, 0.13, 0.1] 0.03
[0.39, 0.21, 0.15, 0.15, 0.1] 0.03
[0.39, 0.21, 0.15, 0.13, 0.12] 0.03
[0.39, 0.2, 0.16, 0.14, 0.11] 0.03
[0.39, 0.19, 0.17, 0.14, 0.11] 0.03
[0.38, 0.2, 0.15, 0.14, 0.13] 0.03
[0.38, 0.19, 0.16, 0.14, 0.13] 0.03
[0.38, 0.18, 0.17, 0.17, 0.1] 0.03
[0.38, 0.18, 0.17, 0.14, 0.13] 0.03
[0.4, 0.19, 0.18, 0.18, 0.05] 0.03
[0.4, 0.19, 0.18, 0.16, 0.07] 0.03
[0.4, 0.19, 0.18, 0.15, 0.08] 0.03
[0.4, 0.19, 0.18, 0.14, 0.09] 0.03
[0.4, 0.19, 0.18, 0.12, 0.11] 0.03
[0.39, 0.21, 0.15, 0.14, 0.11] 0.03
[0.39, 0.2, 0.16, 0.16, 0.09] 0.03
[0.39, 0.2, 0.16, 0.15, 0.1] 0.03
[0.39, 0.2, 0.16, 0.13, 0.12] 0.03
[0.39, 0.19, 0.17, 0.17, 0.08] 0.03
[0.39, 0.19, 0.17, 0.16, 0.09] 0.03
[0.39, 0.19, 0.17, 0.15, 0.1] 0.03
[0.39, 0.19, 0.17, 0.13, 0.12] 0.03
[0.39, 0.18, 0.18, 0.18, 0.07] 0.03
[0.39, 0.18, 0.18, 0.17, 0.08] 0.03
[0.39, 0.18, 0.18, 0.16, 0.09] 0.03
[0.39, 0.18, 0.18, 0.15, 0.1] 0.03
[0.39, 0.18, 0.18, 0.14, 0.11] 0.03
[0.39, 0.18, 0.18, 0.13, 0.12] 0.03
[0.38, 0.21, 0.14, 0.14, 0.13] 0.03
[0.38, 0.2, 0.15, 0.15, 0.12] 0.03
[0.38, 0.19, 0.16, 0.16, 0.11] 0.03
[0.38, 0.19, 0.16, 0.15, 0.12] 0.03
[0.38, 0.18, 0.17, 0.16, 0.11] 0.03
[0.38, 0.18, 0.17, 0.15, 0.12] 0.03
[0.37, 0.19, 0.15, 0.15, 0.14] 0.03
[0.37, 0.18, 0.16, 0.16, 0.13] 0.03
[0.37, 0.18, 0.16, 0.15, 0.14] 0.03
[0.37, 0.17, 0.17, 0.17, 0.12] 0.03
[0.37, 0.17, 0.17, 0.16, 0.13] 0.03
[0.37, 0.17, 0.17, 0.15, 0.14] 0.03
[0.36, 0.17, 0.16, 0.16, 0.15] 0.03
[0.4, 0.19, 0.18, 0.17, 0.06] 0.03
[0.4, 0.19, 0.19, 0.17, 0.05] 0.02
[0.39, 0.21, 0.16, 0.16, 0.08] 0.02
[0.39, 0.21, 0.16, 0.15, 0.09] 0.02
[0.39, 0.21, 0.16, 0.14, 0.1] 0.02
[0.39, 0.2, 0.17, 0.17, 0.07] 0.02
[0.39, 0.2, 0.17, 0.16, 0.08] 0.02
[0.39, 0.2, 0.17, 0.15, 0.09] 0.02
[0.39, 0.2, 0.17, 0.14, 0.1] 0.02
[0.39, 0.2, 0.17, 0.12, 0.12] 0.02
[0.39, 0.19, 0.18, 0.17, 0.07] 0.02
[0.39, 0.19, 0.18, 0.16, 0.08] 0.02
[0.39, 0.19, 0.18, 0.15, 0.09] 0.02
[0.39, 0.19, 0.18, 0.14, 0.1] 0.02
[0.38, 0.2, 0.16, 0.15, 0.11] 0.02
[0.38, 0.2, 0.16, 0.14, 0.12] 0.02
[0.38, 0.19, 0.17, 0.15, 0.11] 0.02
[0.38, 0.19, 0.17, 0.14, 0.12] 0.02
[0.37, 0.2, 0.15, 0.15, 0.13] 0.02
[0.37, 0.2, 0.15, 0.14, 0.14] 0.02
[0.37, 0.19, 0.16, 0.16, 0.12] 0.02
[0.37, 0.19, 0.16, 0.15, 0.13] 0.02
[0.37, 0.19, 0.16, 0.14, 0.14] 0.02
[0.37, 0.18, 0.17, 0.17, 0.11] 0.02
[0.37, 0.18, 0.17, 0.16, 0.12] 0.02
[0.37, 0.18, 0.17, 0.15, 0.13] 0.02
[0.37, 0.18, 0.17, 0.14, 0.14] 0.02
[0.36, 0.18, 0.16, 0.16, 0.14] 0.02
[0.36, 0.17, 0.17, 0.17, 0.13] 0.02
[0.36, 0.17, 0.17, 0.16, 0.14] 0.02
[0.35, 0.17, 0.16, 0.16, 0.16] 0.02
[0.4, 0.19, 0.19, 0.18, 0.04] 0.02
[0.4, 0.19, 0.19, 0.16, 0.06] 0.02
[0.4, 0.19, 0.19, 0.13, 0.09] 0.02
[0.4, 0.19, 0.19, 0.11, 0.11] 0.02
[0.39, 0.21, 0.16, 0.13, 0.11] 0.02
[0.39, 0.21, 0.16, 0.12, 0.12] 0.02
[0.39, 0.2, 0.17, 0.13, 0.11] 0.02
[0.39, 0.19, 0.18, 0.18, 0.06] 0.02
[0.39, 0.19, 0.18, 0.13, 0.11] 0.02
[0.39, 0.19, 0.18, 0.12, 0.12] 0.02
[0.38, 0.23, 0.13, 0.13, 0.13] 0.02
[0.38, 0.22, 0.14, 0.14, 0.12] 0.02
[0.38, 0.22, 0.14, 0.13, 0.13] 0.02
[0.38, 0.21, 0.15, 0.15, 0.11] 0.02
[0.38, 0.21, 0.15, 0.14, 0.12] 0.02
[0.38, 0.21, 0.15, 0.13, 0.13] 0.02
[0.38, 0.2, 0.16, 0.16, 0.1] 0.02
[0.38, 0.2, 0.16, 0.13, 0.13] 0.02
[0.38, 0.19, 0.17, 0.17, 0.09] 0.02
[0.38, 0.19, 0.17, 0.16, 0.1] 0.02
[0.38, 0.19, 0.17, 0.13, 0.13] 0.02
[0.38, 0.18, 0.18, 0.15, 0.11] 0.02
[0.38, 0.18, 0.18, 0.14, 0.12] 0.02
[0.38, 0.18, 0.18, 0.13, 0.13] 0.02
[0.37, 0.21, 0.14, 0.14, 0.14] 0.02
[0.36, 0.17, 0.17, 0.15, 0.15] 0.02
[0.4, 0.19, 0.19, 0.19, 0.03] 0.02
[0.4, 0.19, 0.19, 0.15, 0.07] 0.02
[0.4, 0.19, 0.19, 0.14, 0.08] 0.02
[0.4, 0.19, 0.19, 0.12, 0.1] 0.02
[0.38, 0.18, 0.18, 0.18, 0.08] 0.02
[0.38, 0.18, 0.18, 0.17, 0.09] 0.02
[0.38, 0.18, 0.18, 0.16, 0.1] 0.02
[0.39, 0.21, 0.17, 0.13, 0.1] 0.01
[0.39, 0.22, 0.16, 0.16, 0.07] 0.01
[0.39, 0.21, 0.17, 0.16, 0.07] 0.01
[0.39, 0.21, 0.17, 0.15, 0.08] 0.01
[0.38, 0.22, 0.15, 0.13, 0.12] 0.01
[0.38, 0.21, 0.16, 0.13, 0.12] 0.01
[0.38, 0.2, 0.17, 0.14, 0.11] 0.01
[0.37, 0.21, 0.15, 0.15, 0.12] 0.01
[0.37, 0.2, 0.16, 0.14, 0.13] 0.01
[0.37, 0.19, 0.17, 0.17, 0.1] 0.01
[0.37, 0.19, 0.17, 0.14, 0.13] 0.01
[0.35, 0.17, 0.17, 0.16, 0.15] 0.01
[0.39, 0.21, 0.17, 0.17, 0.06] 0.01
[0.39, 0.21, 0.17, 0.14, 0.09] 0.01
[0.39, 0.21, 0.17, 0.12, 0.11] 0.01
[0.39, 0.2, 0.18, 0.18, 0.05] 0.01
[0.39, 0.2, 0.18, 0.17, 0.06] 0.01
[0.39, 0.2, 0.18, 0.16, 0.07] 0.01
[0.39, 0.2, 0.18, 0.15, 0.08] 0.01
[0.39, 0.2, 0.18, 0.14, 0.09] 0.01
[0.39, 0.2, 0.18, 0.13, 0.1] 0.01
[0.39, 0.2, 0.18, 0.12, 0.11] 0.01
[0.39, 0.19, 0.19, 0.19, 0.04] 0.01
[0.39, 0.19, 0.19, 0.18, 0.05] 0.01
[0.39, 0.19, 0.19, 0.17, 0.06] 0.01
[0.39, 0.19, 0.19, 0.16, 0.07] 0.01
[0.39, 0.19, 0.19, 0.15, 0.08] 0.01
[0.39, 0.19, 0.19, 0.14, 0.09] 0.01
[0.39, 0.19, 0.19, 0.13, 0.1] 0.01
[0.39, 0.19, 0.19, 0.12, 0.11] 0.01
[0.38, 0.23, 0.14, 0.14, 0.11] 0.01
[0.38, 0.23, 0.14, 0.13, 0.12] 0.01
[0.38, 0.22, 0.15, 0.15, 0.1] 0.01
[0.38, 0.22, 0.15, 0.14, 0.11] 0.01
[0.38, 0.21, 0.16, 0.16, 0.09] 0.01
[0.38, 0.21, 0.16, 0.15, 0.1] 0.01
[0.38, 0.21, 0.16, 0.14, 0.11] 0.01
[0.38, 0.2, 0.17, 0.17, 0.08] 0.01
[0.38, 0.2, 0.17, 0.16, 0.09] 0.01
[0.38, 0.2, 0.17, 0.15, 0.1] 0.01
[0.38, 0.2, 0.17, 0.13, 0.12] 0.01
[0.38, 0.19, 0.18, 0.18, 0.07] 0.01
[0.38, 0.19, 0.18, 0.17, 0.08] 0.01
[0.38, 0.19, 0.18, 0.16, 0.09] 0.01
[0.38, 0.19, 0.18, 0.15, 0.1] 0.01
[0.38, 0.19, 0.18, 0.14, 0.11] 0.01
[0.38, 0.19, 0.18, 0.13, 0.12] 0.01
[0.37, 0.22, 0.14, 0.14, 0.13] 0.01
[0.37, 0.21, 0.15, 0.14, 0.13] 0.01
[0.37, 0.2, 0.16, 0.16, 0.11] 0.01
[0.37, 0.2, 0.16, 0.15, 0.12] 0.01
[0.37, 0.19, 0.17, 0.16, 0.11] 0.01
[0.37, 0.19, 0.17, 0.15, 0.12] 0.01
[0.37, 0.18, 0.18, 0.18, 0.09] 0.01
[0.37, 0.18, 0.18, 0.17, 0.1] 0.01
[0.37, 0.18, 0.18, 0.16, 0.11] 0.01
[0.37, 0.18, 0.18, 0.15, 0.12] 0.01
[0.37, 0.18, 0.18, 0.14, 0.13] 0.01
[0.36, 0.2, 0.15, 0.15, 0.14] 0.01
[0.36, 0.19, 0.16, 0.16, 0.13] 0.01
[0.36, 0.19, 0.16, 0.15, 0.14] 0.01
[0.36, 0.18, 0.17, 0.17, 0.12] 0.01
[0.36, 0.18, 0.17, 0.16, 0.13] 0.01
[0.36, 0.18, 0.17, 0.15, 0.14] 0.01
[0.35, 0.17, 0.17, 0.17, 0.14] 0.01
